"PostId","PostTypeId","ParentId","CreationDate"
26675508,2,26675277,"2014-10-31 13:09:49"
27063976,1,27063976,"2014-11-21 14:47:33"
30178589,1,30178589,"2015-05-11 22:21:26"
36376442,1,36376442,"2016-04-02 17:20:17"
45864573,1,45864573,"2017-08-24 14:42:57"
