"Url","PostCount"
"http://www.tutorialspoint.com/spring/spring_mvc_hello_world_example.htm",2
"https://i.stack.imgur.com/k194X.png",1
"https://www.tutorialspoint.com/spring/spring_mvc_hello_world_example.htm",1
"http://i.stack.imgur.com/1Cnoq.png",1
"http://i.stack.imgur.com/0w1BQ.png",1
"http://i.stack.imgur.com/gKDdW.png",1
"https://i.stack.imgur.com/Xc9xl.jpg",1
"http://www.mkyong.com/spring-mvc/modelandviews-model-value-is-not-displayed-in-jsp-via-el/",1
